3.Write a pig program to calculate the number of arrests in theft district wise.


[acadgild@localhost ~]$ pig -x local 

grunt>REGISTER '/usr/local/pig/lib/piggybank.jar';

grunt>Data = LOAD '/home/acadgild/data/Crimes_2001_to_present.csv' using org.apache.pig.piggybank.storage.CSVExcelStorage(',' , 'NO_MULTILINE','UNIX','SKIP_INPUT_HEADER') as (ID: chararray, Case_Num: chararray, date: chararray, block: chararray, IUCR: chararray, type: chararray, desc: chararray, arrest:chararray, domestic :chararray, beat:chararray, district:chararray, ward:chararray, area:chararray, FBI_Code:chararray, X:chararray, Y:chararray, year: int , updated_on : chararray, lat: chararray, long: chararray, location:chararray);
grunt>FilterData = FILTER Data BY type =='THEFT';
grunt>GrpData = GROUP FilterData BY district;
grunt>CntData = FOREACH GrpData GENERATE FLATTEN(group) AS district, COUNT(FilterData.district) ;
grunt>DUMP CntData;

(0111,1112)
(0112,920)
(0113,407)
(0114,480)
(0121,387)
(0122,673)
(0123,608)
(0124,518)
(0131,343)
(0132,309)
(0133,212)
(0211,255)
(0212,246)
(0213,130)
(0214,159)
(0215,110)
(0221,136)
(0222,329)
(0223,244)
(0224,144)
(0225,140)
(0231,132)
(0232,102)
(0233,139)
(0234,275)
(0235,155)
(0311,83)
(0312,195)
(0313,138)
(0314,185)
(0321,224)
(0322,157)
(0323,221)
(0324,253)
(0331,256)
(0332,217)
(0333,180)
(0334,172)
(0411,288)
(0412,336)
(0413,245)
(0414,376)
(0421,307)
(0422,166)
(0423,321)
(0424,202)
(0431,254)
(0432,184)
(0433,190)
(0434,86)
(0511,390)
(0512,223)
(0513,356)
(0522,165)
(0523,224)
(0524,242)
(0531,184)
(0532,126)
(0533,134)
(0611,208)
(0612,283)
(0613,190)
(0614,181)
(0621,248)
(0622,507)
(0623,369)
(0624,295)
(0631,233)
(0632,429)
(0633,130)
(0634,202)
(0711,161)
(0712,215)
(0713,149)
(0714,122)
(0715,96)
(0722,142)
(0723,202)
(0724,144)
(0725,192)
(0726,115)
(0731,114)
(0732,107)
(0733,136)
(0734,125)
(0735,188)
(0811,184)
(0812,126)
(0813,313)
(0814,130)
(0815,293)
(0821,323)
(0822,172)
(0823,334)
(0824,173)
(0825,259)
(0831,248)
(0832,200)
(0833,619)
(0834,301)
(0835,302)
(0911,106)
(0912,321)
(0913,221)
(0914,290)
(0915,250)
(0921,117)
(0922,180)
(0923,132)
(0924,309)
(0925,195)
(0931,136)
(0932,133)
(0933,118)
(0934,140)
(0935,142)
(1011,151)
(1012,148)
(1013,175)
(1014,162)
(1021,120)
(1022,149)
(1023,164)
(1024,137)
(1031,184)
(1032,73)
(1033,180)
(1034,259)
(1111,205)
(1112,156)
(1113,136)
(1114,98)
(1115,120)
(1121,154)
(1122,204)
(1123,146)
(1124,103)
(1125,56)
(1131,101)
(1132,197)
(1133,176)
(1134,162)
(1135,159)
(1211,167)
(1212,256)
(1213,244)
(1214,408)
(1215,306)
(1221,315)
(1222,175)
(1223,282)
(1224,358)
(1225,201)
(1231,250)
(1232,478)
(1233,237)
(1234,162)
(1235,184)
(1411,204)
(1412,219)
(1413,159)
(1414,210)
(1421,148)
(1422,144)
(1423,165)
(1424,547)
(1431,251)
(1432,457)
(1433,402)
(1434,383)
(1511,115)
(1512,123)
(1513,135)
(1522,256)
(1523,131)
(1524,150)
(1531,161)
(1532,180)
(1533,230)
(1611,99)
(1612,107)
(1613,148)
(1614,108)
(1621,105)
(1622,230)
(1623,238)
(1624,194)
(1631,107)
(1632,134)
(1633,259)
(1634,159)
(1651,247)
(1652,39)
(1653,76)
(1654,63)
(1655,26)
(1711,178)
(1712,333)
(1713,116)
(1722,381)
(1723,260)
(1724,190)
(1731,250)
(1732,313)
(1733,248)
(1811,335)
(1812,265)
(1813,189)
(1814,405)
(1821,419)
(1822,354)
(1823,107)
(1824,416)
(1831,844)
(1832,341)
(1833,823)
(1834,1145)
(1911,236)
(1912,193)
(1913,236)
(1914,247)
(1915,201)
(1921,305)
(1922,296)
(1923,292)
(1924,475)
(1925,483)
(1931,319)
(1932,280)
(1933,402)
(1934,382)
(1935,377)
(2011,175)
(2012,138)
(2013,126)
(2022,66)
(2023,310)
(2024,115)
(2031,129)
(2032,161)
(2033,95)
(2211,225)
(2212,322)
(2213,237)
(2221,231)
(2222,182)
(2223,213)
(2232,192)
(2233,163)
(2234,315)
(2411,228)
(2412,169)
(2413,299)
(2422,354)
(2423,139)
(2424,151)
(2431,102)
(2432,192)
(2433,204)
(2511,107)
(2512,369)
(2513,132)
(2514,166)
(2515,176)
(2521,278)
(2522,143)
(2523,176)
(2524,167)
(2525,102)
(2531,150)
(2532,174)
(2533,587)
(2534,179)
(2535,152)
grunt> 
